Namespace(name='MIDDLE-2', experiment='Darknet', graph_type='ring', lr=0.01, epochs=30, bs=64, train_split=0.8, coord_size=128, L1=0.3333333333333333, L2=0.3333333333333333, L3=0.3333333333333333, weight_type='uniform-symmetric', randomSeed=4282)
L1 = 0.3333333333333333
L2 = 0.5
L3 = 0.16666666666666666
